Sauvegarde Partie Skipbo
coucou
2 joueurs
0 Nom1 30
0 Nom2 30
0 Nom3 -1978396431
0 Nom4 -394657792
full -1 pourc 95 son 1 
J:
nom  ia 0
tas:
30 107 117 137 72 116 35 38 36 128 126 83 125 114 119 78 100 64 17 7 57 97 91 48 30 96 150 69 88 54 0 
def:
0 -1
1 56 -1
0 -1
0 -1
0 -1
main:
5 42 124 106 92 118 -1
J:
nom  ia 32610
tas:
30 22 10 1 145 75 46 115 103 133 40 146 67 66 113 61 28 129 93 65 76 32 135 122 43 157 77 82 80 11 0 
def:
0 -1
0 -1
0 -1
0 -1
0 -1
main:
0 -1
M:
p:
96 121 98 159 19 53 74 136 131 144 94 3 111 55 60 140 8 155 148 31 9 160 49 73 23 70 52 149 12 16 37 110 63 151 101 14 132 21 138 68 102 130 108 95 143 26 153 104 152 141 71 123 45 147 27 112 84 58 13 15 44 5 139 120 59 89 47 156 85 20 50 127 81 86 154 33 161 105 41 51 2 134 39 142 158 6 109 4 79 34 29 25 90 99 62 18 162 -1
m:
0 0 0 0 22052 1882422528 53 148 110 143 58 50 142 162 -1
