Sauvegarde Partie Skipbo

2 joueurs
0 J0 0
1 J1 2
-1
-1
full -1 pourc 95 son -1 
J:
nom J0 ia 0
tas:
0 
def:
3 107 118 83 -1
1 131 -1
2 78 139 -1
1 80 -1
0 -1
main:
4 86 82 27 17 -1
J:
nom J1 ia 1
tas:
2 57 116 
def:
0 -1
0 -1
0 -1
0 -1
0 -1
main:
0 -1
M:
p:
123 73 35 142 108 99 103 47 4 32 62 124 153 43 36 154 95 158 102 150 21 14 133 53 128 79 147 161 10 92 30 37 89 11 149 138 67 104 156 1 38 3 64 51 111 52 46 16 33 141 26 129 55 91 58 22 115 71 140 76 28 25 31 148 106 93 15 72 136 70 113 69 94 8 151 50 87 12 98 63 122 112 97 114 109 144 125 119 9 19 90 137 127 66 7 143 59 126 68 146 23 120 45 101 132 75 6 29 56 41 81 24 42 117 157 5 159 44 54 13 105 123 130 162 -1
m:
6 65 100 39 74 85 60 -1
6 77 40 135 134 49 84 -1
11 34 155 20 145 18 152 88 160 110 121 48 -1
3 2 61 96 -1
